1 1 1 0.000000
1 1 2 0.000000
1 1 3 0.000000
1 1 4 0.000000
1 1 5 0.000000
1 2 1 -0.078083
1 2 2 -0.061162
1 2 3 -0.055460
1 2 4 -0.052599
1 2 5 -0.050877
1 3 1 -0.184151
1 3 2 -0.173731
1 3 3 -0.170230
1 3 4 -0.168477
1 3 5 -0.167423
1 4 1 -0.198237
1 4 2 -0.200230
1 4 3 -0.200899
1 4 4 -0.201233
1 4 5 -0.201435
1 5 1 -0.101483
1 5 2 -0.095058
1 5 3 -0.092907
1 5 4 -0.091830
1 5 5 -0.091184
1 6 1 -0.322198
1 6 2 -0.322198
1 6 3 -0.322198
1 6 4 -0.322198
1 6 5 -0.322198
1 7 1 -0.322198
1 7 2 -0.322198
1 7 3 -0.322198
1 7 4 -0.322198
1 7 5 -0.322198
1 8 1 -0.322198
1 8 2 -0.322198
1 8 3 -0.322198
1 8 4 -0.322198
1 8 5 -0.322198
1 9 1 -0.322198
1 9 2 -0.322198
1 9 3 -0.322198
1 9 4 -0.322198
1 9 5 -0.322198
1 10 1 -0.322198
1 10 2 -0.322198
1 10 3 -0.322198
1 10 4 -0.322198
1 10 5 -0.322198
1 11 1 -0.322198
1 11 2 -0.322198
1 11 3 -0.322198
1 11 4 -0.322198
1 11 5 -0.322198
1 12 1 -0.322198
1 12 2 -0.322198
1 12 3 -0.322198
1 12 4 -0.322198
1 12 5 -0.322198
1 13 1 -0.322198
1 13 2 -0.322198
1 13 3 -0.322198
1 13 4 -0.322198
1 13 5 -0.322198
1 14 1 -0.322198
1 14 2 -0.322198
1 14 3 -0.322198
1 14 4 -0.322198
1 14 5 -0.322198
1 15 1 -0.322198
1 15 2 -0.322198
1 15 3 -0.322198
1 15 4 -0.322198
1 15 5 -0.322198
1 16 1 -0.322198
1 16 2 -0.322198
1 16 3 -0.322198
1 16 4 -0.322198
1 16 5 -0.322198
1 17 1 -0.322198
1 17 2 -0.322198
1 17 3 -0.322198
1 17 4 -0.322198
1 17 5 -0.322198
1 18 1 -0.322198
1 18 2 -0.322198
1 18 3 -0.322198
1 18 4 -0.322198
1 18 5 -0.322198
1 19 1 -0.322198
1 19 2 -0.322198
1 19 3 -0.322198
1 19 4 -0.322198
1 19 5 -0.322198
1 20 1 -0.322198
1 20 2 -0.322198
1 20 3 -0.322198
1 20 4 -0.322198
1 20 5 -0.322198
2 1 1 -0.137110
2 1 2 -0.070829
2 1 3 -0.047737
2 1 4 -0.036001
2 1 5 -0.028895
2 2 1 0.000000
2 2 2 0.000000
2 2 3 0.000000
2 2 4 0.000000
2 2 5 0.000000
2 3 1 -0.097660
2 3 2 -0.101976
2 3 3 -0.103415
2 3 4 -0.104133
2 3 5 -0.104564
2 4 1 -0.069173
2 4 2 -0.097656
2 4 3 -0.114952
2 4 4 -0.123490
2 4 5 -0.128577
2 5 1 -0.131231
2 5 2 -0.129728
2 5 3 -0.129227
2 5 4 -0.128976
2 5 5 -0.128825
2 6 1 -0.291375
2 6 2 -0.291201
2 6 3 -0.291144
2 6 4 -0.291116
2 6 5 -0.291097
2 7 1 -0.291028
2 7 2 -0.291028
2 7 3 -0.291028
2 7 4 -0.291028
2 7 5 -0.291028
2 8 1 -0.291028
2 8 2 -0.291028
2 8 3 -0.291028
2 8 4 -0.291028
2 8 5 -0.291028
2 9 1 -0.291028
2 9 2 -0.291028
2 9 3 -0.291028
2 9 4 -0.291028
2 9 5 -0.291028
2 10 1 -0.251849
2 10 2 -0.250248
2 10 3 -0.257198
2 10 4 -0.265774
2 10 5 -0.270881
2 11 1 -0.291028
2 11 2 -0.291028
2 11 3 -0.291028
2 11 4 -0.291028
2 11 5 -0.291028
2 12 1 -0.291028
2 12 2 -0.291028
2 12 3 -0.291028
2 12 4 -0.291028
2 12 5 -0.291028
2 13 1 -0.291028
2 13 2 -0.291028
2 13 3 -0.291028
2 13 4 -0.291028
2 13 5 -0.291028
2 14 1 -0.291028
2 14 2 -0.291028
2 14 3 -0.291028
2 14 4 -0.291028
2 14 5 -0.291028
2 15 1 -0.291028
2 15 2 -0.291028
2 15 3 -0.291028
2 15 4 -0.291028
2 15 5 -0.291028
2 16 1 -0.291028
2 16 2 -0.291028
2 16 3 -0.291028
2 16 4 -0.291028
2 16 5 -0.291028
2 17 1 -0.291028
2 17 2 -0.291028
2 17 3 -0.291028
2 17 4 -0.291028
2 17 5 -0.291028
2 18 1 -0.291028
2 18 2 -0.291028
2 18 3 -0.291028
2 18 4 -0.291028
2 18 5 -0.291028
2 19 1 -0.291028
2 19 2 -0.291028
2 19 3 -0.291028
2 19 4 -0.291028
2 19 5 -0.291028
2 20 1 -0.291028
2 20 2 -0.291028
2 20 3 -0.291028
2 20 4 -0.291028
2 20 5 -0.291028
3 1 1 -0.199187
3 1 2 -0.106166
3 1 3 -0.071942
3 1 4 -0.054399
3 1 5 -0.043734
3 2 1 -0.152643
3 2 2 -0.109142
3 2 3 -0.094209
3 2 4 -0.086659
3 2 5 -0.082103
3 3 1 0.000000
3 3 2 0.000000
3 3 3 0.000000
3 3 4 0.000000
3 3 5 0.000000
3 4 1 -0.138234
3 4 2 -0.143456
3 4 3 -0.145194
3 4 4 -0.146062
3 4 5 -0.146584
3 5 1 -0.055524
3 5 2 -0.051110
3 5 3 -0.049636
3 5 4 -0.048899
3 5 5 -0.048454
3 6 1 -0.259596
3 6 2 -0.254270
3 6 3 -0.245874
3 6 4 -0.241647
3 6 5 -0.239101
3 7 1 -0.277950
3 7 2 -0.277950
3 7 3 -0.277950
3 7 4 -0.277950
3 7 5 -0.277950
3 8 1 -0.277950
3 8 2 -0.277950
3 8 3 -0.277950
3 8 4 -0.278056
3 8 5 -0.279925
3 9 1 -0.275841
3 9 2 -0.275017
3 9 3 -0.269637
3 9 4 -0.263976
3 9 5 -0.260562
3 10 1 -0.319086
3 10 2 -0.319086
3 10 3 -0.319086
3 10 4 -0.319086
3 10 5 -0.319086
3 11 1 -0.340712
3 11 2 -0.344095
3 11 3 -0.346183
3 11 4 -0.345228
3 11 5 -0.333015
3 12 1 -0.256916
3 12 2 -0.256916
3 12 3 -0.256916
3 12 4 -0.256916
3 12 5 -0.256916
3 13 1 -0.323903
3 13 2 -0.323903
3 13 3 -0.323903
3 13 4 -0.323903
3 13 5 -0.324773
3 14 1 -0.329194
3 14 2 -0.329194
3 14 3 -0.326930
3 14 4 -0.323670
3 14 5 -0.319577
3 15 1 -0.305538
3 15 2 -0.293213
3 15 3 -0.287735
3 15 4 -0.284983
3 15 5 -0.283328
3 16 1 -0.276672
3 16 2 -0.276672
3 16 3 -0.276672
3 16 4 -0.276672
3 16 5 -0.272163
3 17 1 -0.333781
3 17 2 -0.327841
3 17 3 -0.318525
3 17 4 -0.302588
3 17 5 -0.287155
3 18 1 -0.283575
3 18 2 -0.283575
3 18 3 -0.283575
3 18 4 -0.283575
3 18 5 -0.283575
3 19 1 -0.272953
3 19 2 -0.277903
3 19 3 -0.279798
3 19 4 -0.278412
3 19 5 -0.276292
3 20 1 -0.359883
3 20 2 -0.346937
3 20 3 -0.323941
3 20 4 -0.304968
3 20 5 -0.292211
4 1 1 -0.177198
4 1 2 -0.110895
4 1 3 -0.075111
4 1 4 -0.056781
4 1 5 -0.045642
4 2 1 -0.209374
4 2 2 -0.139150
4 2 3 -0.114590
4 2 4 -0.102089
4 2 5 -0.094514
4 3 1 -0.113465
4 3 2 -0.088478
4 3 3 -0.080026
4 3 4 -0.075777
4 3 5 -0.073218
4 4 1 0.000000
4 4 2 0.000000
4 4 3 0.000000
4 4 4 0.000000
4 4 5 0.000000
4 5 1 -0.010284
4 5 2 -0.009790
4 5 3 -0.009625
4 5 4 -0.009543
4 5 5 -0.009495
4 6 1 -0.241632
4 6 2 -0.241610
4 6 3 -0.241604
4 6 4 -0.241600
4 6 5 -0.241598
4 7 1 -0.241589
4 7 2 -0.241589
4 7 3 -0.241589
4 7 4 -0.241589
4 7 5 -0.242207
4 8 1 -0.217982
4 8 2 -0.219795
4 8 3 -0.227357
4 8 4 -0.231117
4 8 5 -0.233366
4 9 1 -0.242312
4 9 2 -0.242312
4 9 3 -0.242312
4 9 4 -0.242312
4 9 5 -0.242312
4 10 1 -0.169362
4 10 2 -0.191658
4 10 3 -0.199002
4 10 4 -0.202655
4 10 5 -0.204281
4 11 1 -0.237785
4 11 2 -0.237209
4 11 3 -0.236770
4 11 4 -0.230745
4 11 5 -0.227378
4 12 1 -0.246407
4 12 2 -0.246591
4 12 3 -0.246653
4 12 4 -0.246684
4 12 5 -0.246702
4 13 1 -0.241589
4 13 2 -0.241589
4 13 3 -0.241589
4 13 4 -0.241589
4 13 5 -0.241589
4 14 1 -0.241589
4 14 2 -0.241589
4 14 3 -0.241589
4 14 4 -0.242004
4 14 5 -0.242208
4 15 1 -0.242886
4 15 2 -0.243331
4 15 3 -0.242471
4 15 4 -0.242041
4 15 5 -0.241783
4 16 1 -0.240750
4 16 2 -0.240750
4 16 3 -0.240750
4 16 4 -0.240750
4 16 5 -0.240750
4 17 1 -0.240750
4 17 2 -0.240750
4 17 3 -0.239963
4 17 4 -0.238921
4 17 5 -0.235253
4 18 1 -0.236634
4 18 2 -0.236887
4 18 3 -0.238296
4 18 4 -0.238545
4 18 5 -0.239038
4 19 1 -0.241589
4 19 2 -0.243690
4 19 3 -0.244719
4 19 4 -0.245233
4 19 5 -0.245542
4 20 1 -0.241589
4 20 2 -0.241589
4 20 3 -0.241589
4 20 4 -0.241589
4 20 5 -0.241589
5 1 1 -0.154385
5 1 2 -0.109484
5 1 3 -0.074086
5 1 4 -0.055980
5 1 5 -0.044985
5 2 1 -0.092447
5 2 2 -0.025388
5 2 3 -0.002200
5 2 4 0.009553
5 2 5 0.016656
5 3 1 -0.114588
5 3 2 -0.079812
5 3 3 -0.067983
5 3 4 -0.062024
5 3 5 -0.058434
5 4 1 -0.094839
5 4 2 -0.087456
5 4 3 -0.084988
5 4 4 -0.083752
5 4 5 -0.083010
5 5 1 0.000000
5 5 2 0.000000
5 5 3 0.000000
5 5 4 0.000000
5 5 5 0.000000
5 6 1 -0.258518
5 6 2 -0.258518
5 6 3 -0.258518
5 6 4 -0.258518
5 6 5 -0.258518
5 7 1 -0.289179
5 7 2 -0.289179
5 7 3 -0.289179
5 7 4 -0.289179
5 7 5 -0.282504
5 8 1 -0.204466
5 8 2 -0.204466
5 8 3 -0.204466
5 8 4 -0.204466
5 8 5 -0.204466
5 9 1 -0.156908
5 9 2 -0.156908
5 9 3 -0.163144
5 9 4 -0.156046
5 9 5 -0.151775
5 10 1 -0.169761
5 10 2 -0.156473
5 10 3 -0.149231
5 10 4 -0.145591
5 10 5 -0.143400
5 11 1 -0.217670
5 11 2 -0.217670
5 11 3 -0.217670
5 11 4 -0.217670
5 11 5 -0.217670
5 12 1 -0.226627
5 12 2 -0.212892
5 12 3 -0.212039
5 12 4 -0.209180
5 12 5 -0.225567
5 13 1 -0.236043
5 13 2 -0.236043
5 13 3 -0.236043
5 13 4 -0.236043
5 13 5 -0.236043
5 14 1 -0.255577
5 14 2 -0.255577
5 14 3 -0.253842
5 14 4 -0.245387
5 14 5 -0.237357
5 15 1 -0.204466
5 15 2 -0.204466
5 15 3 -0.204466
5 15 4 -0.204466
5 15 5 -0.204466
5 16 1 -0.204466
5 16 2 -0.204466
5 16 3 -0.204466
5 16 4 -0.204466
5 16 5 -0.204466
5 17 1 -0.191650
5 17 2 -0.198054
5 17 3 -0.201390
5 17 4 -0.207767
5 17 5 -0.211573
5 18 1 -0.236534
5 18 2 -0.246996
5 18 3 -0.250458
5 18 4 -0.252183
5 18 5 -0.253218
5 19 1 -0.244445
5 19 2 -0.240449
5 19 3 -0.228609
5 19 4 -0.222631
5 19 5 -0.224888
5 20 1 -0.204466
5 20 2 -0.204466
5 20 3 -0.204466
5 20 4 -0.204466
5 20 5 -0.204466
6 1 1 0.000000
6 1 2 0.000000
6 1 3 0.000000
6 1 4 0.000000
6 1 5 0.000000
6 2 1 -0.031485
6 2 2 0.014582
6 2 3 0.029964
6 2 4 0.033844
6 2 5 0.036169
6 3 1 -0.035032
6 3 2 -0.007337
6 3 3 0.002048
6 3 4 0.006769
6 3 5 0.009611
6 4 1 -0.003369
6 4 2 0.022660
6 4 3 0.030822
6 4 4 0.034921
6 4 5 0.037389
6 5 1 -0.085882
6 5 2 -0.085882
6 5 3 -0.085882
6 5 4 -0.085882
6 5 5 -0.085882
6 6 1 0.000000
6 6 2 0.000000
6 6 3 0.000000
6 6 4 0.000000
6 6 5 0.000000
6 7 1 -0.222353
6 7 2 -0.222353
6 7 3 -0.222353
6 7 4 -0.222353
6 7 5 -0.222353
6 8 1 -0.170375
6 8 2 -0.170375
6 8 3 -0.170375
6 8 4 -0.170375
6 8 5 -0.170375
6 9 1 -0.286115
6 9 2 -0.276651
6 9 3 -0.273474
6 9 4 -0.271881
6 9 5 -0.270925
6 10 1 -0.258738
6 10 2 -0.257335
6 10 3 -0.256867
6 10 4 -0.247128
6 10 5 -0.202089
6 11 1 -0.293593
6 11 2 -0.224897
6 11 3 -0.165200
6 11 4 -0.132484
6 11 5 -0.105052
6 12 1 0.050956
6 12 2 0.050956
6 12 3 0.050956
6 12 4 0.050956
6 12 5 0.050956
6 13 1 -0.296670
6 13 2 -0.296670
6 13 3 -0.296670
6 13 4 -0.296670
6 13 5 -0.296670
6 14 1 -0.203568
6 14 2 -0.257224
6 14 3 -0.288152
6 14 4 -0.295747
6 14 5 -0.299543
6 15 1 -0.312061
6 15 2 -0.316856
6 15 3 -0.318448
6 15 4 -0.319242
6 15 5 -0.319719
6 16 1 -0.269470
6 16 2 -0.269470
6 16 3 -0.269470
6 16 4 -0.269470
6 16 5 -0.272402
6 17 1 -0.286939
6 17 2 -0.274661
6 17 3 -0.269775
6 17 4 -0.252635
6 17 5 -0.242189
6 18 1 -0.264484
6 18 2 -0.264367
6 18 3 -0.264328
6 18 4 -0.264308
6 18 5 -0.264297
6 19 1 -0.262871
6 19 2 -0.262871
6 19 3 -0.263089
6 19 4 -0.262221
6 19 5 -0.253846
6 20 1 -0.388938
6 20 2 -0.362300
6 20 3 -0.339417
6 20 4 -0.323737
6 20 5 -0.314174
7 1 1 0.000000
7 1 2 0.000000
7 1 3 0.000000
7 1 4 0.000000
7 1 5 0.000000
7 2 1 -0.043964
7 2 2 -0.043964
7 2 3 -0.043964
7 2 4 -0.043964
7 2 5 -0.043964
7 3 1 -0.061281
7 3 2 -0.061281
7 3 3 -0.061281
7 3 4 -0.061281
7 3 5 -0.060817
7 4 1 -0.106287
7 4 2 -0.106287
7 4 3 -0.106287
7 4 4 -0.106287
7 4 5 -0.106287
7 5 1 -0.046452
7 5 2 -0.046452
7 5 3 -0.046452
7 5 4 -0.046452
7 5 5 -0.046452
7 6 1 -0.128394
7 6 2 -0.128394
7 6 3 -0.128394
7 6 4 -0.128394
7 6 5 -0.128394
7 7 1 0.000000
7 7 2 0.000000
7 7 3 0.000000
7 7 4 0.000000
7 7 5 0.000000
7 8 1 0.066840
7 8 2 0.066840
7 8 3 0.066840
7 8 4 0.066840
7 8 5 0.066840
7 9 1 -0.081158
7 9 2 -0.081158
7 9 3 -0.065243
7 9 4 -0.025795
7 9 5 -0.001310
7 10 1 -0.022078
7 10 2 -0.029466
7 10 3 -0.022360
7 10 4 -0.025646
7 10 5 -0.027630
7 11 1 -0.085894
7 11 2 -0.085894
7 11 3 -0.085894
7 11 4 -0.085894
7 11 5 -0.071708
7 12 1 -0.060792
7 12 2 -0.060792
7 12 3 -0.060792
7 12 4 -0.060792
7 12 5 -0.060792
7 13 1 -0.105675
7 13 2 -0.110995
7 13 3 -0.113945
7 13 4 -0.104230
7 13 5 -0.098390
7 14 1 0.042406
7 14 2 0.042406
7 14 3 0.042406
7 14 4 0.042406
7 14 5 0.042406
7 15 1 -0.012790
7 15 2 -0.012790
7 15 3 -0.012790
7 15 4 -0.012790
7 15 5 -0.013285
7 16 1 -0.284859
7 16 2 -0.253389
7 16 3 -0.219872
7 16 4 -0.145856
7 16 5 -0.100607
7 17 1 -0.043665
7 17 2 -0.032156
7 17 3 -0.028313
7 17 4 -0.026391
7 17 5 -0.025237
7 18 1 -0.080986
7 18 2 -0.076679
7 18 3 -0.045980
7 18 4 -0.021814
7 18 5 -0.008599
7 19 1 -0.002967
7 19 2 -0.004759
7 19 3 -0.001974
7 19 4 0.002805
7 19 5 0.009024
7 20 1 -0.111518
7 20 2 -0.102303
7 20 3 -0.086622
7 20 4 -0.078710
7 20 5 -0.073938
8 1 1 0.000000
8 1 2 0.000000
8 1 3 0.000000
8 1 4 0.000000
8 1 5 0.000000
8 2 1 -0.043964
8 2 2 -0.043964
8 2 3 -0.043964
8 2 4 -0.043964
8 2 5 -0.043964
8 3 1 -0.061281
8 3 2 -0.061281
8 3 3 -0.061281
8 3 4 -0.061281
8 3 5 -0.061281
8 4 1 -0.101202
8 4 2 -0.103747
8 4 3 -0.104595
8 4 4 -0.105017
8 4 5 -0.105272
8 5 1 -0.147990
8 5 2 -0.147990
8 5 3 -0.147990
8 5 4 -0.152933
8 5 5 -0.156232
8 6 1 -0.183002
8 6 2 -0.183002
8 6 3 -0.183002
8 6 4 -0.183002
8 6 5 -0.183002
8 7 1 -0.364664
8 7 2 -0.364664
8 7 3 -0.364664
8 7 4 -0.364664
8 7 5 -0.364526
8 8 1 0.000000
8 8 2 0.000000
8 8 3 0.000000
8 8 4 0.000000
8 8 5 0.000000
8 9 1 -0.087237
8 9 2 -0.087237
8 9 3 -0.087237
8 9 4 -0.087237
8 9 5 -0.087237
8 10 1 -0.134806
8 10 2 -0.134806
8 10 3 -0.134806
8 10 4 -0.134079
8 10 5 -0.116192
8 11 1 -0.102796
8 11 2 -0.102796
8 11 3 -0.103097
8 11 4 -0.098807
8 11 5 -0.096230
8 12 1 -0.142423
8 12 2 -0.142423
8 12 3 -0.142423
8 12 4 -0.142423
8 12 5 -0.142423
8 13 1 -0.238868
8 13 2 -0.231327
8 13 3 -0.208715
8 13 4 -0.197189
8 13 5 -0.190201
8 14 1 -0.444974
8 14 2 -0.444974
8 14 3 -0.444974
8 14 4 -0.444974
8 14 5 -0.421512
8 15 1 -0.441277
8 15 2 -0.397074
8 15 3 -0.355696
8 15 4 -0.326032
8 15 5 -0.283278
8 16 1 -0.329859
8 16 2 -0.329761
8 16 3 -0.329729
8 16 4 -0.329713
8 16 5 -0.329703
8 17 1 -0.343321
8 17 2 -0.343321
8 17 3 -0.343321
8 17 4 -0.343321
8 17 5 -0.342939
8 18 1 -0.394136
8 18 2 -0.393206
8 18 3 -0.348831
8 18 4 -0.304925
8 18 5 -0.274268
8 19 1 -0.254916
8 19 2 -0.240113
8 19 3 -0.228835
8 19 4 -0.223151
8 19 5 -0.219726
8 20 1 -0.354485
8 20 2 -0.354485
8 20 3 -0.355594
8 20 4 -0.349341
8 20 5 -0.332324
9 1 1 0.000000
9 1 2 0.000000
9 1 3 0.000000
9 1 4 0.000000
9 1 5 0.000000
9 2 1 -0.043964
9 2 2 -0.043964
9 2 3 -0.043964
9 2 4 -0.043964
9 2 5 -0.043964
9 3 1 -0.050619
9 3 2 -0.049030
9 3 3 -0.036610
9 3 4 -0.033536
9 3 5 -0.031990
9 4 1 -0.105433
9 4 2 -0.111710
9 4 3 -0.120602
9 4 4 -0.122224
9 4 5 -0.118225
9 5 1 -0.196052
9 5 2 -0.196052
9 5 3 -0.196052
9 5 4 -0.196052
9 5 5 -0.196052
9 6 1 -0.061495
9 6 2 -0.114161
9 6 3 -0.141894
9 6 4 -0.155493
9 6 5 -0.163569
9 7 1 -0.262330
9 7 2 -0.262330
9 7 3 -0.262330
9 7 4 -0.262330
9 7 5 -0.262330
9 8 1 -0.257417
9 8 2 -0.257417
9 8 3 -0.257417
9 8 4 -0.243677
9 8 5 -0.185728
9 9 1 0.000000
9 9 2 0.000000
9 9 3 0.000000
9 9 4 0.000000
9 9 5 0.000000
9 10 1 -0.085894
9 10 2 -0.085894
9 10 3 -0.085894
9 10 4 -0.085894
9 10 5 -0.085894
9 11 1 -0.142423
9 11 2 -0.144182
9 11 3 -0.128636
9 11 4 -0.120819
9 11 5 -0.119779
9 12 1 -0.229757
9 12 2 -0.229757
9 12 3 -0.229757
9 12 4 -0.224489
9 12 5 -0.221457
9 13 1 -0.361252
9 13 2 -0.298277
9 13 3 -0.274525
9 13 4 -0.245435
9 13 5 -0.227472
9 14 1 -0.259947
9 14 2 -0.259947
9 14 3 -0.284922
9 14 4 -0.308490
9 14 5 -0.319832
9 15 1 -0.360985
9 15 2 -0.360314
9 15 3 -0.360090
9 15 4 -0.359979
9 15 5 -0.359911
9 16 1 -0.337717
9 16 2 -0.337717
9 16 3 -0.336708
9 16 4 -0.329148
9 16 5 -0.324356
9 17 1 -0.401456
9 17 2 -0.392874
9 17 3 -0.392821
9 17 4 -0.390286
9 17 5 -0.385491
9 18 1 -0.364766
9 18 2 -0.364626
9 18 3 -0.364580
9 18 4 -0.364557
9 18 5 -0.364543
9 19 1 -0.336693
9 19 2 -0.336693
9 19 3 -0.336693
9 19 4 -0.325110
9 19 5 -0.303824
9 20 1 -0.361904
9 20 2 -0.359538
9 20 3 -0.348514
9 20 4 -0.336899
9 20 5 -0.329839
10 1 1 0.000000
10 1 2 0.000000
10 1 3 0.000000
10 1 4 0.000000
10 1 5 0.000000
10 2 1 -0.086119
10 2 2 -0.065771
10 2 3 -0.042177
10 2 4 -0.030202
10 2 5 -0.022959
10 3 1 -0.004571
10 3 2 -0.004571
10 3 3 -0.004571
10 3 4 -0.004571
10 3 5 -0.005094
10 4 1 -0.163197
10 4 2 -0.128533
10 4 3 -0.116725
10 4 4 -0.110772
10 4 5 -0.107184
10 5 1 -0.155737
10 5 2 -0.157960
10 5 3 -0.157260
10 5 4 -0.156915
10 5 5 -0.156708
10 6 1 -0.031359
10 6 2 -0.007758
10 6 3 0.000212
10 6 4 0.002046
10 6 5 -0.002229
10 7 1 -0.307329
10 7 2 -0.307329
10 7 3 -0.307329
10 7 4 -0.307329
10 7 5 -0.306563
10 8 1 -0.216590
10 8 2 -0.216590
10 8 3 -0.216590
10 8 4 -0.216590
10 8 5 -0.216590
10 9 1 -0.258509
10 9 2 -0.258509
10 9 3 -0.255005
10 9 4 -0.185658
10 9 5 -0.137708
10 10 1 0.000000
10 10 2 0.000000
10 10 3 0.000000
10 10 4 0.000000
10 10 5 0.000000
10 11 1 -0.143104
10 11 2 -0.143104
10 11 3 -0.143104
10 11 4 -0.143104
10 11 5 -0.143104
10 12 1 -0.151628
10 12 2 -0.151628
10 12 3 -0.146765
10 12 4 -0.133999
10 12 5 -0.124947
10 13 1 -0.322833
10 13 2 -0.335768
10 13 3 -0.340062
10 13 4 -0.321444
10 13 5 -0.282998
10 14 1 -0.276845
10 14 2 -0.276845
10 14 3 -0.276845
10 14 4 -0.276845
10 14 5 -0.274724
10 15 1 -0.193676
10 15 2 -0.191942
10 15 3 -0.191364
10 15 4 -0.190415
10 15 5 -0.219166
10 16 1 -0.222953
10 16 2 -0.273032
10 16 3 -0.287134
10 16 4 -0.294102
10 16 5 -0.298255
10 17 1 -0.352837
10 17 2 -0.349011
10 17 3 -0.342543
10 17 4 -0.340168
10 17 5 -0.334747
10 18 1 -0.349281
10 18 2 -0.349777
10 18 3 -0.344467
10 18 4 -0.344904
10 18 5 -0.349384
10 19 1 -0.321358
10 19 2 -0.316539
10 19 3 -0.314196
10 19 4 -0.306890
10 19 5 -0.301781
10 20 1 -0.345167
10 20 2 -0.345167
10 20 3 -0.345167
10 20 4 -0.345167
10 20 5 -0.345167
